0 9 1 1 0 0 
0 4 0 0 1 2 
0 2 0 0 3 1 
0 6 1 1 1 0 
0 2 0 0 0 0 
0 5 0 0 0 0 

0 0 0 0 0 0 
8 1 1 0 0 0 
1 0 0 2 0 0 
2 0 1 5 0 0 
8 1 0 0 0 0 
5 0 0 0 0 0 

0 0 0 0 0 0 
0 0 7 1 1 2 
0 0 1 0 0 2 
0 0 1 0 0 2 
0 0 6 2 2 1 
0 0 5 0 0 0 

0 3 1 1 1 0 
0 2 0 0 0 2 
0 1 0 1 2 1 
0 5 2 1 0 0 
0 2 0 0 0 0 
0 5 0 0 0 0 

0 0 0 0 0 0 
0 0 0 6 1 2 
0 0 0 1 0 2 
0 0 0 3 2 3 
0 0 0 7 0 0 
0 0 0 5 0 0 

0 0 0 0 0 0 
0 5 1 1 0 0 
0 2 0 0 2 0 
0 4 1 2 3 0 
0 5 0 0 0 0 
0 3 0 0 0 0 

0 0 3 1 1 2 
0 0 2 0 0 2 
0 0 2 0 1 3 
0 0 5 1 1 0 
0 0 2 0 0 0 
0 0 1 0 0 0 

0 0 0 0 0 0 
7 1 1 2 0 0 
2 0 0 2 0 0 
1 1 2 1 0 0 
5 1 0 0 0 0 
5 0 0 0 0 0 

0 2 1 0 0 0 
0 5 0 1 2 0 
0 1 0 1 3 0 
0 6 2 1 0 0 
0 4 0 0 0 0 
0 1 0 0 0 0 

0 0 0 0 0 0 
0 0 7 1 1 2 
0 0 2 0 0 2 
0 0 3 1 2 1 
0 0 5 0 0 0 
0 0 3 0 0 0 


0 6 1 1 2 0 
0 2 0 0 2 1 
0 2 1 2 3 0 
0 8 1 0 0 0 
0 4 0 0 0 0 
0 3 0 0 0 0 

0 0 5 1 1 0 
0 0 2 0 0 4 
0 0 2 1 2 3 
0 0 6 3 0 0 
0 0 2 0 0 0 
0 0 5 0 0 0 

0 10 1 1 1 0 
0 10 0 0 0 4 
0 2 0 0 1 1 
0 8 4 2 1 0 
0 4 0 0 0 0 
0 1 0 0 0 0 

0 0 0 0 0 0 
0 0 7 1 1 0 
0 0 2 0 0 4 
0 0 2 0 1 1 
0 0 4 6 3 0 
0 0 5 0 0 0 

0 0 7 1 1 2 
0 0 2 0 0 2 
0 0 2 1 2 1 
0 0 6 1 0 0 
0 0 2 0 0 0 
0 0 3 0 0 0 

7 1 1 1 1 0 
2 0 0 0 0 4 
1 0 0 0 1 3 
5 4 2 2 3 0 
2 0 0 0 0 0 
5 0 0 0 0 0 

0 0 7 1 1 2 
0 0 2 0 0 4 
0 0 2 0 1 3 
0 0 6 4 1 0 
0 0 2 0 0 0 
0 0 11 0 0 0 

0 8 1 1 2 0 
0 4 0 0 4 0 
0 8 2 4 1 0 
0 2 0 0 0 0 
0 2 0 0 0 0 
0 5 0 0 0 0 

0 0 0 7 1 2 
0 0 0 2 0 4 
0 0 0 6 2 3 
0 0 0 4 0 0 
0 0 0 5 0 0 
0 0 0 0 0 0 

6 1 1 0 0 0 
2 0 0 4 0 0 
2 0 0 2 0 0 
8 4 2 3 0 0 
4 0 0 0 0 0 
3 0 0 0 0 0 

